19.8
19.8
19.9
19.8
19.7
19.7
19.8
19.7
19.8
19.8
19.8
19.8
19.8
19.8
19.7
19.7
19.8
19.8
19.8
19.8
19.8
19.8
19.8
19.8
19.8
19.9
19.9
19.9
20
19.9
20
20
20
20.1
20
20
20
20
20
20.1
20.1
20.1
20
20.1
20.2
20
20
20.1
20.1
20.1
20.1
20.1
20.1
20.2
20.2
20.3
20.2
20.1
20.1
20.1
20.2
20.1
20.1
20.4
20.1
20.1
20.1
20.1
20.1
20.1
20.1
20.1
20.2
20.1
20.1
20.1
20.1
20.1
20.1
20.1
20.1
20.1
20.1
20.1
20.1
20.1
20.1
20.1
20.1
20.1
20.1
20.1
20.1
20.1
20.4
20.1
20.1
20.1
20.1
20.1
20.1
20.1
20.1
20.1
20.3
20.1
20.2
20.4
20.1
20.1
20.1
20.1
20.1
20.1
20.1
20.4
20.1
20.2
20.1
20.1
20.1
20.1
20.1
20.1
20.1
20.2
20.3
20.1
20.1
20.1
20.1
20.1
20.1
20.1
20.1
20.1
20.1
20.1
20.1
20.1
20.2
20.1
20.1
20.1
20.1
20.1
20.1
20.1
20.2
20.2
20.1
20.1
20.1
20.1
20.1
20.2
20.1
20.3
20.1
20.4
20.1
20.1
20.2
20.1
20.2
20.4
20.2
20.1
20.2
20.2
20.1
20.2
20.2
20.1
20.1
20.2
20.2
20.2
20.1
20.2
20.1
20.2
20.2
20.1
20.1
20.1
20.1
20.2
20.1
20.1
20.1
20.1
20.1
20.1
20.2
20.1
20.1
20.1
20.1
20.1
20.1
20.1
20.4
20.1
20.1
20.1
20.1
20.1
20.1
20.1
20.1
20.1
20.2
20.4
20.2
20.1
20.2
20.5
20.2
20.1
20.5
20.2
20.1
20.5
20.2
20.1
20.1
20.1
20.1
20.1
20.1
20
20
20
19.9
20
20
19.9
19.9
19.9
19.9
20
20
19.8
20.1
19.9
19.9
19.9
20
20.2
20.2
19.9
19.9
20
20.2
20
20
20
20.4
20.1
20.1
20.4
20.2
20.2
20.1
20.3
20.1
20.4
20.5
20.1
20.1
20.1
20.2
20.1
20.2
20.4
20.1
20.1
20.2
20.2
20.1
20.1
20.1
20.1
20.1
20.1
20.1
20.4
20.1
20.1
20.2
20.1
20.1
20.1
20.2
20.2
20.4
20.1
20.2
20.1
20.2
